model: FaultSeg3dPlus
shape                             voxels                 GPU              time                  GPU2                  time2
[256, 256, 256],             16777216                    14.94            0.6479                5.34                  0.8295
[256, 256, 320],             20971520                    18.45            0.5381                5.42                  0.6559
[256, 320, 320],             26214400                    16.59            8.0573                5.54                  0.8144
[320, 320, 320],             32768000                    20.50            10.0236               6.27                  0.8221
[320, 320, 384],             39321600                    24.42            12.3335               7.04                  0.9249
[320, 384, 384],             47185920                    29.12            14.8123               6.91                  1.0872
[384, 384, 384],             56623104                    34.77            17.7717               7.41                  1.1562
[384, 384, 448],             66060288                    40.41            19.7788               7.63                  1.2435
[384, 448, 448],             77070336                    43.54            37.7087               8.30                  1.4516
[448, 448, 448],             89915392                    47.97            56.6343               9.63                  1.6169
[448, 448, 512],             102760448                   54.69            65.9365               9.38                  1.7718
[448, 512, 512],             117440512                   62.38            75.6346               10.35                 1.9454
[512, 512, 512],             134217728                                                          11.45                 2.1599
[512, 512, 576],             150994944                                                          15.21                 2.4476
[512, 576, 576],             169869312                                                          15.95                 2.7501
[576, 576, 576],             191102976                                                          16.78                 3.1226
[576, 576, 640],             212336640                                                          17.61                 3.4901
[576, 640, 640],             235929600                                                          18.53                 3.9956
[640, 640, 640],             262144000                                                          19.60                 3.9493
[640, 640, 704],             288358400                                                          20.73                 4.4461
[640, 704, 704],             317194240                                                          20.22                 4.7443
[704, 704, 704],             348913664                                                          21.83                 5.1643
[704, 704, 768],             380633088                                                          25.63                 5.6575
[704, 768, 768],             415236096                                                          25.19                 6.1499
[768, 768, 768],             452984832                                                          27.10                 6.6676
[768, 768, 832],             490733568                                                          29.01                 7.3793
[768, 832, 832],             531628032                                                          31.63                 7.8403
[832, 832, 832],             575930368                                                          33.87                 8.4137
[832, 832, 896],             620232704                                                          36.11                 8.9451
[832, 896, 896],             667942912                                                          36.33                 9.5138
[896, 896, 896],             719323136                                                          38.92                 10.2221
[896, 896, 960],             770703360                                                          41.52                 10.8846
[896, 960, 960],             825753600                                                          44.30                 11.6892
[960, 960, 960],             884736000                                                          47.29                 12.5980
[960, 960, 1024],            943718400                                                          50.27                 13.3204
[960, 1024, 1024],           1006632960                                                         53.45                 14.0635
[1024, 1024, 1024],          1073741824                                                         56.84                 14.9857
[1024, 1024, 1088],          1140850688                                                         59.96                 16.0043
[1024, 1088, 1088],          1212153856                                                         63.28                 17.2287
[1088, 1088, 1088],          1287913472                                                         66.82                 18.1747
[1088, 1088, 1152],          1363673088                                                         70.34                 19.2076
[1088, 1152, 1152],          1443889152                                                         74.08                 20.3548
[1152, 1152, 1152],          1528823808                                                         78.03                 21.3537
[1152, 1152, 1216],          1613758464                                                         77.59                 22.4871
[1152, 1216, 1216],          1703411712                                                         81.76                 23.7210
[1216, 1216, 1216],          1798045696                                                         86.17                 25.1741
[1216, 1216, 1280],          1892679680                                                         90.57                 26.2670
[1216, 1280, 1280],          1992294400                                                         95.21                 27.5559
[1280, 1280, 1280],          2097152000                                                         
[1280, 1280, 1344],          2202009600                                                         
[1280, 1344, 1344],          2312110080                                                                                                
[1344, 1344, 1344],          2427715584                                                                                                
[1344, 1344, 1408],          2543321088                                                                                                
[1344, 1408, 1408],          2664431616                                                                                                
[1408, 1408, 1408],          2791309312                                                                                                
[1408, 1408, 1472],          2918187008                                                                                                
[1408, 1472, 1472],          3050831872                                                                                                
[1472, 1472, 1472],          3189506048                                                                                                
[1472, 1472, 1532],          3319513088                                                                                                
[1472, 1532, 1532],          3454819328                                       
[1532, 1532, 1532],          3595640768
[1532, 1532, 1600],          3755238400
[1532, 1600, 1600],          3921920000
[1600, 1600, 1600],          4096000000



model: Wang25Channel
shape                             voxels                 GPU              time                  GPU2                  time2
[256, 256, 256],             16777216                    16.17            0.7638                3.25                  0.6886
[256, 256, 320],             20971520                    19.99            0.5334                3.33                  0.7802
[256, 320, 320],             26214400                    18.51            8.0897                3.45                  1.0170
[320, 320, 320],             32768000                    22.92            10.0758               3.61                  1.1992
[320, 320, 384],             39321600                    31.43            27.1585               4.36                  1.3140
[320, 384, 384],             47185920                    37.54            32.5440               4.66                  1.6849
[384, 384, 384],             56623104                    44.87            39.0328               4.61                  1.8722
[384, 384, 448],             66060288                    52.20            44.8438               5.53                  2.0992
[384, 448, 448],             77070336                    57.59            67.6539               6.05                  2.3213
[448, 448, 448],             89915392                    61.68            91.3593               7.22                  2.6721
[448, 448, 512],             102760448                   70.36            105.8114              7.90                  3.1549
[448, 512, 512],             117440512                   80.29            121.4295              8.68                  3.3459
[512, 512, 512],             134217728                   87.13            163.8651              9.57                  3.8551
[512, 512, 576],             150994944                   73.16            183.0234              10.22                 4.2753
[512, 576, 576],             169869312                   82.20            206.3697              10.96                 4.9023
[576, 576, 576],             191102976                   92.36            232.0444              11.79                 5.5060
[576, 576, 640],             212336640                                                          13.81                 6.1837
[576, 640, 640],             235929600                                                          14.86                 6.5956
[640, 640, 640],             262144000                                                          16.04                 7.2979
[640, 640, 704],             288358400                                                          17.21                 7.9784
[640, 704, 704],             317194240                                                          17.17                 8.7974
[704, 704, 704],             348913664                                                          18.64                 9.6610
[704, 704, 768],             380633088                                                          20.12                 10.4347
[704, 768, 768],             415236096                                                          21.73                 11.3512
[768, 768, 768],             452984832                                                          23.49                 12.2765
[768, 768, 832],             490733568                                                          25.25                 13.4376
[768, 832, 832],             531628032                                                          27.15                 14.5391
[832, 832, 832],             575930368                                                          29.22                 15.8843
[832, 832, 896],             620232704                                                          31.28                 17.1165
[832, 896, 896],             667942912                                                          33.50                 18.2914
[896, 896, 896],             719323136                                                          35.89                 19.6677
[896, 896, 960],             770703360                                                          38.28                 21.2864
[896, 960, 960],             825753600                                                          40.85                 22.5684
[960, 960, 960],             884736000                                                          43.59                 24.3165
[960, 960, 1024],            943718400                                                          46.34                 25.7278
[960, 1024, 1024],           1006632960                                                         49.27                 27.4792
[1024, 1024, 1024],          1073741824                                                         52.40                 29.2016
[1024, 1024, 1088],          1140850688                                                         55.52                 31.0389
[1024, 1088, 1088],          1212153856                                                         58.84                 33.0021
[1088, 1088, 1088],          1287913472                                                         62.37                 35.5295
[1088, 1088, 1152],          1363673088                                                         65.90                 37.7058
[1088, 1152, 1152],          1443889152                                                         69.63                 39.5416
[1152, 1152, 1152],          1528823808                                                         73.59                 41.8380
[1152, 1152, 1216],          1613758464                                                         77.54                 44.2912
[1152, 1216, 1216],          1703411712                                                         81.72                 46.6865
[1216, 1216, 1216],          1798045696                                                         86.12                 49.0801
[1216, 1216, 1280],          1892679680                                                         90.53                 51.5940
[1216, 1280, 1280],          1992294400                                                         95.17                 54.3464
[1280, 1280, 1280],          2097152000                                                         
[1280, 1280, 1344],          2202009600                                                         
[1280, 1344, 1344],          2312110080                                                         
[1344, 1344, 1344],          2427715584                                                         
[1344, 1344, 1408],          2543321088                                                         
[1344, 1408, 1408],          2664431616                                                         
[1408, 1408, 1408],          2791309312                                                         
[1408, 1408, 1472],          2918187008                                                         
[1408, 1472, 1472],          3050831872                                                         
[1472, 1472, 1472],          3189506048                                                         
[1472, 1472, 1532],          3319513088                                                         
[1472, 1532, 1532],          3454819328
[1532, 1532, 1532],          3595640768
[1532, 1532, 1600],          3755238400
[1532, 1600, 1600],          3921920000
[1600, 1600, 1600],          4096000000



model: gem-base32
shape                             voxels                 GPU              time                  GPU2                  time2                  GPU3                time3                   GPU4                  time4                      
[256, 256, 256],             16777216                    5.66            0.7198                 5.66                  0.7311                 4.75                0.9251                  -1                    -1
[256, 256, 320],             20971520                    6.77            0.8481                 6.77                  0.7318                 5.35                1.0240                  -1                    -1
[256, 320, 320],             26214400                    8.16            0.8762                 8.16                  0.8112                 6.37                1.0654                  -1                    -1
[320, 320, 320],             32768000                    9.90            0.9324                 9.90                  0.9085                 7.88                1.3172                  -1                    -1
[320, 320, 384],             39321600                    11.64           0.9766                 11.64                 1.1021                 9.19                1.4672                  -1                    -1
[320, 384, 384],             47185920                    13.72           1.2679                 13.72                 1.2381                 10.77               1.7262                  -1                    -1
[384, 384, 384],             56623104                    16.23           1.3078                 16.23                 1.3684                 12.23               1.8353                  -1                    -1
[384, 384, 448],             66060288                    18.74           1.5407                 18.74                 1.4890                 14.04               2.1006                  -1                    -1
[384, 448, 448],             77070336                    21.66           1.5722                 21.66                 1.6264                 16.15               2.3595                  -1                    -1
[448, 448, 448],             89915392                    25.07           1.8597                 25.07                 1.8059                 18.61               2.7646                  -1                    -1
[448, 448, 512],             102760448                   28.48           2.1507                 28.48                 2.0389                 21.06               2.8521                  -1                    -1
[448, 512, 512],             117440512                   32.37           2.5003                 32.37                 2.2363                 23.87               3.1018                  -1                    -1
[512, 512, 512],             134217728                                                          24.82                 14.8763                27.07               3.5086                  11.07                 7.7509
[512, 512, 576],             150994944                                                          27.77                 16.4987                30.49               4.0457                  12.49                 8.7440
[512, 576, 576],             169869312                                                          31.10                 18.7946                32.15               4.4463                  11.90                 9.9046
[576, 576, 576],             191102976                                                          34.84                 21.7761                36.27               5.0903                  13.49                 11.3707
[576, 576, 640],             212336640                                                          38.57                 23.8463                39.24               5.4944                  13.93                 12.5536
[576, 640, 640],             235929600                                                          42.72                 26.5231                41.44               6.1400                  13.31                 13.7477
[640, 640, 640],             262144000                                                          47.34                 29.1782                46.19               6.6555                  14.94                 15.1867
[640, 640, 704],             288358400                                                          51.95                 31.9642                49.86               7.3660                  15.48                 16.8888
[640, 704, 704],             317194240                                                          57.03                 35.1927                52.79               8.3072                  14.98                 18.2124
[704, 704, 704],             348913664                                                          60.99                 64.3038                57.22               8.9780                  15.63                 19.9136
[704, 704, 768],             380633088                                                          66.42                 71.5807                59.70               9.4843                  14.33                 21.6111
[704, 768, 768],             415236096                                                          72.35                 78.0064                62.15               10.2539                  -1                    -1
[768, 768, 768],             452984832                                                          78.82                 85.0584                71.76               11.1957                 17.76                 25.5283
[768, 768, 832],             490733568                                                          85.29                 90.5454                72.69               12.1030                  -1                    -1
[768, 832, 832],             531628032                                                          92.30                 98.0122                78.41               13.5846                  -1                    -1
[832, 832, 832],             575930368                                                          92.91                 117.2565               86.75               14.1550                 18.09                 33.0089
[832, 832, 896],             620232704                                                                                                       91.39               15.1783                  -1                    -1
[832, 896, 896],             667942912                                                                                                       84.55               16.4335                  -1                    -1
[896, 896, 896],             719323136                                                                                                       90.96               17.7749                 21.91                 40.9688
[896, 896, 960],             770703360                                                                                                                                                   -1                    -1
[896, 960, 960],             825753600                                                                                                                                                   -1                    -1
[960, 960, 960],             884736000                                                                                                                                                   26.04                 49.7839
[960, 960, 1024],            943718400                                                                                                                                                   -1                    -1
[960, 1024, 1024],           1006632960                                                                                                                                                  -1                    -1
[1024, 1024, 1024],          1073741824                                                                                                                                                  28.19                 60.7920
[1024, 1024, 1088],          1140850688                                                                                                                                                  -1                    -1
[1024, 1088, 1088],          1212153856                                                                                                                                                  -1                    -1
[1088, 1088, 1088],          1287913472                                                                                                                                                  33.38                 74.3082
[1088, 1088, 1152],          1363673088                                                         
[1088, 1152, 1152],          1443889152                                                          
[1152, 1152, 1152],          1528823808                  
[1152, 1152, 1216],          1613758464                  
[1152, 1216, 1216],          1703411712                  
[1216, 1216, 1216],          1798045696                  
[1216, 1216, 1280],          1892679680                  
[1216, 1280, 1280],          1992294400                  
[1280, 1280, 1280],          2097152000                  
[1280, 1280, 1344],          2202009600                  
[1280, 1344, 1344],          2312110080                                                         
[1344, 1344, 1344],          2427715584                                                         
[1344, 1344, 1408],          2543321088                                                         
[1344, 1408, 1408],          2664431616                                                         
[1408, 1408, 1408],          2791309312                                                         
[1408, 1408, 1472],          2918187008                                                         
[1408, 1472, 1472],          3050831872                                                         
[1472, 1472, 1472],          3189506048                                                         
[1472, 1472, 1532],          3319513088                                                         
[1472, 1532, 1532],          3454819328
[1532, 1532, 1532],          3595640768
[1532, 1532, 1600],          3755238400
[1532, 1600, 1600],          3921920000
[1600, 1600, 1600],          4096000000





model: gem-base64
shape                             voxels                 GPU              time                  GPU2                  time2              GPU3               time3              GPU4               time4
[256, 256, 256],             16777216                    11.60            0.7843                11.60                 0.6980             9.68               0.7437             -1                 -1
[256, 256, 320],             20971520                    13.96            0.7790                13.96                 0.7518             10.85              0.9030             -1                 -1
[256, 320, 320],             26214400                    16.91            0.8386                16.91                 1.0284             12.85              1.1196             -1                 -1
[320, 320, 320],             32768000                    20.60            1.0419                20.60                 1.0192             15.53              1.3360             -1                 -1
[320, 320, 384],             39321600                    24.28            1.1525                24.29                 1.1653             17.95              1.6065             -1                 -1
[320, 384, 384],             47185920                    28.71            1.4039                28.71                 1.5377             21.05              1.8153             -1                 -1
[384, 384, 384],             56623104                    34.02            1.6824                34.02                 1.7140             24.76              2.1028             -1                 -1
[384, 384, 448],             66060288                    39.33            1.9536                39.33                 1.9505             28.47              2.3484             -1                 -1
[384, 448, 448],             77070336                                                           30.59                 31.1023            32.80              2.7396             -1                 -1
[448, 448, 448],             89915392                                                           35.32                 36.2298            36.50              3.1200             15.06              5.4414
[448, 448, 512],             102760448                                                          40.06                 42.0691            41.34              3.3411             -1                 -1
[448, 512, 512],             117440512                                                          45.47                 48.5435            46.86              3.8524             -1                 -1
[512, 512, 512],             134217728                                                          51.66                 55.3654            53.17              4.1989             21.17              7.7267
[512, 512, 576],             150994944                                                          57.85                 61.1446            59.93              4.8157             -1                 -1
[512, 576, 576],             169869312                                                          63.22                 119.9022           63.14              5.5078             -1                 -1
[576, 576, 576],             191102976                                                          70.85                 134.5380           71.26              6.0108             25.69              11.4089
[576, 576, 640],             212336640                                                          78.49                 150.9280           77.07              6.6853             -1                 -1
[576, 640, 640],             235929600                                                          86.97                 167.9988           81.34              7.3883             -1                 -1
[640, 640, 640],             262144000                                                          80.76                 186.9788           90.71              8.1817             28.21              15.4696
[640, 640, 704],             288358400                                                          95.07                 224.5178           80.70              9.1466             -1                 -1
[640, 704, 704],             317194240                                                                                                   84.68              9.9461             -1                 -1
[704, 704, 704],             348913664                                                                                                   91.48              11.2495            29.09              20.3993
[704, 704, 768],             380633088                                                                                                   95.02              11.8729            -1                 -1
[704, 768, 768],             415236096                                                                                                                                         -1                 -1
[768, 768, 768],             452984832                                                                                                                                         32.77              25.8206
[768, 768, 832],             490733568                                                                                                                                         -1                 -1
[768, 832, 832],             531628032                                                                                                                                         -1                 -1
[832, 832, 832],             575930368                                                                                                                                         32.74              35.0162
[832, 832, 896],             620232704                                                                                                                                         -1                 -1
[832, 896, 896],             667942912                                                                                                                                         -1                 -1
[896, 896, 896],             719323136                                                                                                                                        39.59               43.4849
[896, 896, 960],             770703360                                                                                                                                         -1                 -1
[896, 960, 960],             825753600                                                                                                                                         -1                 -1
[960, 960, 960],             884736000                                                                                                                                        41.82               53.0426
[960, 960, 1024],            943718400                                                                                                                                         -1                 -1
[960, 1024, 1024],           1006632960                                                                                                                                        -1                 -1
[1024, 1024, 1024],          1073741824                                                                                                                                        50.16              63.6649
[1024, 1024, 1088],          1140850688                                                                                                                                        -1                 -1
[1024, 1088, 1088],          1212153856                                                                                                                                        -1                 -1
[1088, 1088, 1088],          1287913472                                                                                                                                        59.34              78.1762
[1088, 1088, 1152],          1363673088                                                                                                                                        -1                 -1
[1088, 1152, 1152],          1443889152                                                                                                                                        -1                 -1
[1152, 1152, 1152],          1528823808                                                                                                                                        56.27              92.3786
[1152, 1152, 1216],          1613758464                                                                                                                                        -1                 -1
[1152, 1216, 1216],          1703411712                                                                                                                                        -1                 -1
[1216, 1216, 1216],          1798045696                                                                                                                                        65.80              108.0970
[1216, 1216, 1280],          1892679680                                                                                                                                        -1                 -1
[1216, 1280, 1280],          1992294400                                                                                                                                        -1                 -1
[1280, 1280, 1280],          2097152000                                                                                                                                        -1                 -1
[1280, 1280, 1344],          2202009600                                                                                                                                        -1                 -1
[1280, 1344, 1344],          2312110080                                                                                                                                        -1                 -1
[1344, 1344, 1344],          2427715584                                                                                                                                        88.08             338.9268
[1344, 1344, 1408],          2543321088                                                                                                                                        -1                 -1
[1344, 1408, 1408],          2664431616                                                                                                                                        -1                 -1
[1408, 1408, 1408],          2791309312                                                                                                                                        
[1408, 1408, 1472],          2918187008                                                         
[1408, 1472, 1472],          3050831872                                                         
[1472, 1472, 1472],          3189506048                                                         
[1472, 1472, 1532],          3319513088                                                         
[1472, 1532, 1532],          3454819328
[1532, 1532, 1532],          3595640768
[1532, 1532, 1600],          3755238400
[1532, 1600, 1600],          3921920000
[1600, 1600, 1600],          4096000000



model: ChannelSeg3d-a6000
shape                             voxels                 GPU              time                  GPU2                  time2
[256, 256, 256],             16777216                    5.31             0.2925                5.01                  0.2994
[256, 256, 320],             20971520                    5.55             0.3318                5.18                  0.3053
[256, 320, 320],             26214400                    5.99             0.3150                5.50                  0.3308
[320, 320, 320],             32768000                    6.35             0.3196                5.58                  0.3735
[320, 320, 384],             39321600                    6.68             0.3193                5.86                  0.3836
[320, 384, 384],             47185920                    7.16             0.3397                6.59                  0.3985
[384, 384, 384],             56623104                    7.70             0.3372                6.92                  0.4265
[384, 384, 448],             66060288                    8.16             0.3677                7.25                  0.4620
[384, 448, 448],             77070336                    8.79             0.4029                7.64                  0.4421
[448, 448, 448],             89915392                    9.52             0.4314                8.09                  0.4820
[448, 448, 512],             102760448                   10.25            0.4487                8.53                  0.4602
[448, 512, 512],             117440512                   11.08            0.4709                9.05                  0.4746
[512, 512, 512],             134217728                   12.04            0.5312                9.70                  0.5166
[512, 512, 576],             150994944                   12.99            0.5597                10.31                 0.5666
[512, 576, 576],             169869312                   14.06            0.6068                11.51                 0.6494
[576, 576, 576],             191102976                   15.27            0.6804                12.34                 0.7449
[576, 576, 640],             212336640                   16.47            0.7399                13.15                 0.8006
[576, 640, 640],             235929600                   17.81            0.7867                14.06                 0.8448
[640, 640, 640],             262144000                   19.30            0.8308                15.08                 0.8977
[640, 640, 704],             288358400                   20.79            1.8619                16.09                 0.9764
[640, 704, 704],             317194240                   22.43            2.0325                17.21                 1.0213
[704, 704, 704],             348913664                   24.23            2.2127                18.43                 1.1306
[704, 704, 768],             380633088                   26.06            2.4309                19.66                 1.1540
[704, 768, 768],             415236096                   28.03            2.6103                20.99                 1.2393
[768, 768, 768],             452984832                   29.54            24.7632               22.45                 1.3285
[768, 768, 832],             490733568                   31.63            27.0508               23.91                 1.4683
[768, 832, 832],             531628032                   33.90            29.5337               25.49                 1.5983
[832, 832, 832],             575930368                   27.74            61.5393               27.21                 1.7892
[832, 832, 896],             620232704                   29.53            66.4373               28.92                 1.8754
[832, 896, 896],             667942912                   31.46            71.7706               30.76                 2.0052
[896, 896, 896],             719323136                   33.54            77.4776               32.75                 2.1900
[896, 896, 960],             770703360                   35.63            83.2078               34.73                 2.3226
[896, 960, 960],             825753600                   37.86            89.0334               36.86                 2.4961
[960, 960, 960],             884736000                   40.25            95.2456               39.14                 2.6457
[960, 960, 1024],            943718400                   42.63            101.7520              41.42                 2.7598
[960, 1024, 1024],           1006632960                  45.18            108.6089              43.85                 2.9337
[1024, 1024, 1024],          1073741824                  47.90            116.7000              46.44                 3.0707
[1024, 1024, 1088],          1140850688                  50.62            125.3619              49.04                 3.4826
[1024, 1088, 1088],          1212153856                  53.51            132.7271              51.80                 3.7399
[1088, 1088, 1088],          1287913472                  56.58            141.1775              54.73                 4.0979
[1088, 1088, 1152],          1363673088                  59.65            148.8792              57.66                 4.2000
[1088, 1152, 1152],          1443889152                  62.90            158.3859              60.75                 4.4217
[1152, 1152, 1152],          1528823808                  66.34            167.8971              64.04                 4.6278
[1152, 1152, 1216],          1613758464                  69.78            176.7265              67.32                 4.9290
[1152, 1216, 1216],          1703411712                  73.41            186.6250              70.79                 5.2355
[1216, 1216, 1216],          1798045696                  77.25            196.8986              74.44                 5.5760
[1216, 1216, 1280],          1892679680                  81.27            207.9209              78.10                 5.7526
[1216, 1280, 1280],          1992294400                  85.00            218.3849              81.95                 5.9386
[1280, 1280, 1280],          2097152000                  89.25            229.7698              86.00                 6.4021
[1280, 1280, 1344],          2202009600                                                         
[1280, 1344, 1344],          2312110080                                                         
[1344, 1344, 1344],          2427715584                                                         
[1344, 1344, 1408],          2543321088                                                         




model: FaultSSL-pre-a6000
shape                             voxels                 GPU              time                  GPU2                  time2
[256, 256, 256],             16777216                    12.10            0.6011                3.39                  1.8997
[256, 256, 320],             20971520                    15.72            0.8139                3.53                  1.7152
[256, 320, 320],             26214400                    16.55            0.9726                4.07                  2.0851
[320, 320, 320],             32768000                    19.64            1.1470                4.35                  2.4553
[320, 320, 384],             39321600                    22.73            3.7687                4.62                  2.8307
[320, 384, 384],             47185920                    22.24            4.5969                5.12                  2.9849
[384, 384, 384],             56623104                    25.85            5.2689                5.74                  3.4604
[384, 384, 448],             66060288                    29.54            5.8677               6.05                  3.8980
[384, 448, 448],             77070336                    31.45            21.8829               6.34                  4.6226
[448, 448, 448],             89915392                    34.63            25.1195               7.01                  5.8777
[448, 448, 512],             102760448                   38.96            28.8669               8.02                  5.8168
[448, 512, 512],             117440512                   43.91            33.0131               8.44                  6.6626
[512, 512, 512],             134217728                   49.58            37.2137               8.96                  7.0924
[512, 512, 576],             150994944                   55.24            41.8527               9.45                  8.0125
[512, 576, 576],             169869312                   61.60            51.9061               10.43                 9.2360
[576, 576, 576],             191102976                   68.76            57.8347              11.55                 10.1190
[576, 576, 640],             212336640                   75.92            64.3268              12.65                 11.0715
[576, 640, 640],             235929600                   83.87            71.5732              13.88                 12.2193
[640, 640, 640],             262144000                   92.81            159.2419              15.25                 13.7526
[640, 640, 704],             288358400                   95.06            173.3905              16.61                 14.8931
[640, 704, 704],             317194240                   95.00            196.8896               18.12                 16.3703
[704, 704, 704],             348913664                   95.07            412.4129               19.78                 17.9650
[704, 704, 768],             380633088                   95.25            641.0661              21.43                 19.3531
[704, 768, 768],             415236096                                                          23.23                 21.0136
[768, 768, 768],             452984832                                                          25.20                 22.9015
[768, 768, 832],             490733568                                                          27.17                 24.7310
[768, 832, 832],             531628032                                                          29.30                 26.7928
[832, 832, 832],             575930368                                                          31.62                 29.1374
[832, 832, 896],             620232704                                                          33.92                 31.4264
[832, 896, 896],             667942912                                                          36.41                 33.5187
[896, 896, 896],             719323136                                                          39.09                 36.0103
[896, 896, 960],             770703360                                                          41.77                 38.4862
[896, 960, 960],             825753600                                                          44.64                 41.4573
[960, 960, 960],             884736000                                                          47.72                 44.8172
[960, 960, 1024],            943718400                                                          50.79                 47.3722
[960, 1024, 1024],           1006632960                                                         54.07                 50.3102
[1024, 1024, 1024],          1073741824                                                         57.57                 53.8960
[1024, 1024, 1088],          1140850688                                                         61.07                 56.7872
[1024, 1088, 1088],          1212153856                                                         64.79                 60.5396
[1088, 1088, 1088],          1287913472                                                         68.75                 64.4865
[1088, 1088, 1152],          1363673088                                                         72.70                 68.2757
[1088, 1152, 1152],          1443889152                                                         76.88                 71.5451
[1152, 1152, 1152],          1528823808                                                         81.31                 75.5708
[1152, 1152, 1216],          1613758464                                                         85.74                 80.0110
[1152, 1216, 1216],          1703411712                                                         90.42                 84.6548
[1216, 1216, 1216],          1798045696                                                         95.36                 89.5956
[1216, 1216, 1280],          1892679680                                                         89.92                 94.2009
[1216, 1280, 1280],          1992294400                                                         94.56                 98.8898
[1280, 1280, 1280],          2097152000                                                          
[1280, 1280, 1344],          2202009600                                                          
[1280, 1344, 1344],          2312110080                                                         
[1344, 1344, 1344],          2427715584                                                         
[1344, 1344, 1408],          2543321088                                                         
[1344, 1408, 1408],          2664431616                                                         
[1408, 1408, 1408],          2791309312                                                         
[1408, 1408, 1472],          2918187008                                                         
[1408, 1472, 1472],          3050831872                                                         
[1472, 1472, 1472],          3189506048                                                         
[1472, 1472, 1532],          3319513088                                                         
[1472, 1532, 1532],          3454819328
[1532, 1532, 1532],          3595640768
[1532, 1532, 1600],          3755238400
[1532, 1600, 1600],          3921920000
[1600, 1600, 1600],          4096000000